ZORKIY-2M 1
1 57177U 23091M   24145.16790632  .00008947  00000+0  59202-3 0  9990
2 57177  97.6141 197.5377 0017632 195.3511 164.7184 15.07453734 49878
ZORKIY-2M 2  
1 59064U 24039P   24145.16574603  .00024585  00000+0  93474-3 0  9993
2 59064  97.3917 107.4217 0014622 306.6557  53.3337 15.26675347 12947
ORBICRAFT-ZORKY
1 47960U 21022AE  24145.17198513  .00025594  00000+0  97039-3 0  9999
2 47960  97.4678  45.0408 0012476 208.9296 151.1253 15.26787839174495
GAGARINETS
1 59480U 24069B   24107.53304821  .01874246  11434-4  12728-2 0  9998
2 59480  51.7157 345.6247 0144344  36.2575  33.7348 15.97182127   824
MONITOR-2 (RS39S)
1 57184U 23091U   24145.20172608  .00006625  00000+0  44053-3 0  9999
2 57184  97.6163 197.8553 0014246 185.6536 174.4533 15.07418726 49896
MONITOR-3 (RS58S)
1 57180U 23091Q   24145.19146227  .00010351  00000+0  67308-3 0  9990
2 57180  97.6158 197.7168 0017670 192.8916 167.1863 15.08056255 49883
MONITOR-4 (RS57S)
1 57182U 23091S   24145.19262113  .00010061  00000+0  65417-3 0  9992
2 57182  97.6153 197.6917 0017695 193.4374 166.6385 15.08065804 49886
CSTP 1.1 (STC 1.1)
1 57202U 23091AN  24145.20486079  .00007134  00000+0  47525-3 0  9993
2 57202  97.6193 197.9441 0011902 182.1689 177.9489 15.07347072 49897
CSTP 1.2 (STC 1.2)
1 57186U 23091W   24145.16282433  .00008726  00000+0  56200-3 0  9995
2 57186  97.6145 198.1674 0013850 178.7371 181.3895 15.08507649 49911
POLYTECH-UNIVERSE 3 (R*)
1 57191U 23091AB  24145.20511457  .00007454  00000+0  49521-3 0  9992
2 57191  97.6130 197.5565 0019115 204.8695 155.1613 15.07341625 49885
RASSVET 1-1
1 57169U 23091D   24145.21120783  .00009867  00000+0  64421-3 0  9992
2 57169  97.6161 197.7953 0014407 185.1748 174.9333 15.07962395 49898
RASSVET 1-2
1 57170U 23091E   24145.21151625  .00009904  00000+0  64650-3 0  9999
2 57170  97.6167 197.8191 0013202 176.3605 183.7721 15.07981874 49899
RASSVET 1-3
1 57171U 23091F   24145.21106414  .00009907  00000+0  64657-3 0  9996
2 57171  97.6163 197.8053 0015071 196.0664 164.0088 15.07966235 49895
STRATOSAT-TK 1 (RS52S)
1 57167U 23091B   24145.19754980  .00019735  00000+0  11588-2 0  9999
2 57167  97.6126 198.3449 0015668 195.8128 164.2615 15.11652588 49939
2024-092A
1 59773U 24092A   24144.89331329  .00039969  00000+0  94837-3 0  9990
2 59773  97.2469 257.0374 0011896 221.2518 138.7831 15.41534517  1079
2024-092B
1 59774U 24092B   24144.86463039  .00014797  00000+0  94204-3 0  9992
2 59774  97.5875 256.9662 0011832 279.7297 197.8150 15.08815795  1011
2024-092ะก
1 59775U 24092C   24144.86384170  .00014361  00000+0  91038-3 0  9990
2 59775  97.5993 256.9907 0011927 282.2210 194.9733 15.08978509  1023
2024-092D
1 59776U 24092D   24144.86966096  .00016648  00000+0  10914-2 0  9997
2 59776  97.5937 256.9760 0011612 248.4788 229.7819 15.07710911  1026
2024-092E
1 59777U 24092E   24144.87547593  .00016010  00000+0  10494-2 0  9992
2 59777  97.5959 256.9809 0012179 256.8157 253.3100 15.07721339  1029
2024-092F
1 59778U 24092F   24144.86978189  .00016266  00000+0  10644-2 0  9991
2 59778  97.5961 256.9753 0012322 256.8496 223.6916 15.07776944  1024
2024-092G
1 59779U 24092G   24144.85195313  .00000795  00000+0  31845-3 0  9998
2 59779  98.6031 256.9725 0011047 270.8460  89.1410 14.31070512   975
2024-092H
1 59780U 24092H   24144.78201217  .00000583  00000+0  23788-3 0  9995
2 59780  98.6047 256.9031 0011333 272.8593  87.1293 14.31074327   965
2024-092J
1 59781U 24092J   24144.85191219  .00000945  00000+0  37509-3 0  9992
2 59781  98.6045 256.9715 0011439 271.2190  88.7561 14.31079795   976