MONITOR-2 (RS39S)       
1 57184U 23091U   25103.44091516  .00011578  00000-0  64579-3 0  9997
2 57184  97.5666 159.4670 0013491 156.6411 203.5436 15.13651113 98838
MONITOR-3 (RS58S)       
1 57180U 23091Q   25103.41873407  .00018562  00000-0  91643-3 0  9999
2 57180  97.5666 160.4085 0015668 158.8779 201.3104 15.17825775 98890
MONITOR-4 (RS57S)       
1 57182U 23091S   25103.41685413  .00018937  00000-0  93369-3 0  9992
2 57182  97.5661 160.3648 0015674 159.4835 200.7031 15.17868172 98898
UTMN 2 (RS27S)          
1 57203U 23091AP  25103.47363954  .00018194  00000-0  83713-3 0  9992
2 57203  97.5657 162.1186 0011853 145.5332 214.6674 15.20324151 99017
DEKART                  
1 46493U 20068H   25102.91366539  .00020409  00000-0  80093-3 0  9992
2 46493  97.8546  80.9633 0012040  11.9047 348.2473 15.25700454249925
NORBI                   
1 46494U 20068J   25102.90345689  .00028149  00000-0  97080-3 0  9998
2 46494  97.8528  83.1561 0010455   7.6032 352.5364 15.29907661250062
NORBY-3
1 61761U 24199AC  25103.55706749  .00026626  00000-0  85271-3 0  9998
2 61761  97.3624 332.7340 0010918  43.8941 316.3166 15.32301275 71377
2023-091J (SATURN) 
1 57174U 23091J   25103.53904362  .00005876  00000-0  36507-3 0  9992
2 57174  97.5653 157.3114 0014609 180.1445 179.9782 15.09960415 98714
UMKA 1 (RS40S)          
1 57172U 23091G   25103.54058157  .00011142  00000-0  60667-3 0  9990
2 57172  97.5641 159.2332 0015468 165.8488 194.3180 15.14495505 98849
STRATOSAT-TK 1 (RS52S)  
1 57167U 23091B   25103.45406343  .00057784  00000-0  16766-2 0  9990
2 57167  97.5592 165.2683 0011231 152.9850 207.1980 15.35254502 99236
STRATOSAT-TK1-A (RS45S)
1 57322U 23091AW  25103.42052494  .00158781  00000-0  26480-2 0  9997
2 57322  97.5555 168.5187 0008410 157.0244 203.1385 15.51370901 97324
STRATOSAT-TK1-B (RS52SB)
1 57324U 23091AY  25103.45823277  .00135665  00000-0  22965-2 0  9997
2 57324  97.5560 168.4856 0008416 156.7699 203.3934 15.51034509 97323
STRATOSAT-TK1-D (RS52SD)
1 57326U 23091BA  25103.44631266  .00045703  00000-0  15972-2 0  9996
2 57326  97.5610 163.7553 0012507 154.9429 205.2421 15.29339840 96850
STRATOSAT-TK1-E (RS52SE)
1 57323U 23091AX  25103.43372978  .00045728  00000-0  15666-2 0  9991
2 57323  97.5619 163.9559 0012427 154.6368 205.5485 15.29988535 97028
STRATOSAT-TK1-V (RS52SV)
1 57327U 23091BB  25103.49432886  .00134494  00000-0  22551-2 0  9996
2 57327  97.5563 168.6193 0008531 156.7314 203.4325 15.51306418 97176
CSTP 1.1 (STC 1.1)      
1 57202U 23091AN  25103.44325875  .00011694  00000-0  65154-3 0  9995
2 57202  97.5700 159.6877 0011490 152.8003 207.3832 15.13707958 98832
CSTP 1.2 (STC 1.2)      
1 57186U 23091W   25103.52483804  .00014174  00000-0  65582-3 0  9993
2 57186  97.5720 161.7651 0021851 154.7208 205.5100 15.20035258 98999
CSTP-2.1 (STC 2.1)
1 61775U 24199AS  25103.54429010  .00017644  00000-0  62352-3 0  9990
2 61775  97.3640 332.1620 0019741  43.8945 316.3859 15.29065862 68181
CSTP-2.11 (STC 2.11)
1 61744U 24199K   25103.53883534  .00023962  00000-0  78738-3 0  9995
2 61744  97.3654 332.6705 0013400  33.7385 326.4707 15.31466588 68225
CSTP-2.2 (STC 2.2)
1 61784U 24199BB  25103.56704959  .00028404  00000-0  94087-3 0  9996
2 61784  97.3628 332.4232 0016633  43.9431 316.3130 15.31124880 71351
POLYTECH-UNIVERSE 3 (R*)
1 57191U 23091AB  25103.44360199  .00011534  00000-0  64123-3 0  9998
2 57191  97.5635 159.0323 0017886 173.8969 186.2484 15.13710980 98821
Polytech Universe-4
1 61768U 24199AK  25103.55794832  .00021858  00000-0  71502-3 0  9999
2 61768  97.3633 332.7498 0009433  49.5711 310.6352 15.31674471 68220
Polytech Universe-5
1 61745U 24199L   25103.55267498  .00029455  00000-0  93307-3 0  9995
2 61745  97.3630 332.7442 0011283  42.6213 317.5903 15.32625446 71375
VIZARD-METEO (RS38S)    
1 57189U 23091Z   25103.49508105  .00020023  00000-0  87985-3 0  9995
2 57189  97.5657 162.7082 0011429 144.2830 215.9172 15.21887129 99050
Vizard-ion
1 61749U 24199Q   25103.57835766  .00026658  00000-0  86185-3 0  9998
2 61749  97.3658 332.7689 0012877  32.6610 327.5426 15.31974349 71371
2023-091D (RASSVET-1.1)           
1 57169U 23091D   25103.53216808  .00012867  00000-0  66913-3 0  9999
2 57169  97.5681 160.2073 0013447 153.1230 207.0702 15.16114984 98891
2023-091E (RASSVET-1.2)               
1 57170U 23091E   25103.53231852  .00013193  00000-0  68622-3 0  9999
2 57170  97.5687 160.2544 0012333 145.1632 215.0410 15.16115184 98890
2023-091F  (RASSVET-1.3)  
1 57171U 23091F   25103.53194187  .00012901  00000-0  67078-3 0  9999
2 57171  97.5682 160.2261 0014069 162.9332 197.2376 15.16113569 98891
2024-092G (RASSVET 2-1)
1 59779U 24092G   25103.56490331  .00000559  00000-0  22656-3 0  9999
2 59779  98.6280 219.1561 0012779  38.5662 321.6431 14.31573074 47425
2024-092H (RASSVET 2-2)          
1 59780U 24092H   25103.56434713  .00000551  00000-0  22362-3 0  9999
2 59780  98.6279 219.1536 0013012  39.0541 321.1579 14.31572229 47429
2024-092J (RASSVET 2-3)
1 59781U 24092J   25103.56332584  .00000555  00000-0  22516-3 0  9998
2 59781  98.6280 219.1558 0012775  38.7472 321.4625 14.31573106 47420
ZORKIY-2M 1             
1 57177U 23091M   25103.53116356  .00010388  00000-0  57027-3 0  9997
2 57177  97.5675 159.4149 0016337 163.1790 196.9986 15.14212834 98846
ZORKIY-2M 2             
1 59064U 24039P   25103.52080838  .00056041  00000-0  96055-3 0  9991
2 59064  97.4264  74.0677 0009313 193.3473 166.7534 15.50983667 62757
AVION KALUGA 650        
1 57195U 23091AF  25103.47028989  .00010254  00000-0  56009-3 0  9995
2 57195  97.5681 159.9932 0012819 155.6689 204.5150 15.14438745 98864
Hod-Hod
1 61768U 24199AK  25103.55794832  .00021858  00000-0  71502-3 0  9999
2 61768  97.3633 332.7498 0009433  49.5711 310.6352 15.31674471 68220
Kosar
1 61769U 24199AL  25103.58928181  .00025155  00000-0  80625-3 0  9999
2 61769  97.3627 332.8503 0009229  49.7409 310.4638 15.32303094 68238
SIT-2086
1 61764U 24199AF  25103.50267809  .00032327  00000-0  10019-2 0  9997
2 61764  97.3628 332.8087 0010541  44.2938 315.9146 15.33312700 68214
ZIMSAT-2 (Z2AS)
1 61778U 24199AV  25103.55655478  .00028587  00000-0  94707-3 0  9990
2 61778  97.3603 332.3827 0014944  52.0771 308.1819 15.31144837 68204
TUSURGO
1 61782U 24199AZ  25103.55410950  .00039486  00000-0  12204-2 0  9990
2 61782  97.3619 332.5828 0016003  43.1672 317.0821 15.33284787 68212
RTU MIREA1
1 61775U 24199AS  25103.54429010  .00017644  00000-0  62352-3 0  9990
2 61775  97.3640 332.1620 0019741  43.8945 316.3859 15.29065862 68181
SWSU-60
1 61787U 24199BE  25103.54348561  .00013462  00000-0  50218-3 0  9996
2 61787  97.3640 332.0121 0017494  44.8709 315.3941 15.27390757 71324
SIT-HSE
1 61763U 24199AE  25103.57515529  .00031626  00000-0  98044-3 0  9994
2 61763  97.3626 332.8639 0010719  43.0249 317.1830 15.33307080 71384
ASRTU-1
1 61781U 24199AY  25103.53830238  .00012120  00000-0  45263-3 0  9990
2 61781  97.3632 332.0142 0017333  45.1161 315.1482 15.27379856 68174
ALTAIR (RS65S)
1 61779U 24199AW  25103.58150064  .00014984  00000-0  55269-3 0  9991
2 61779  97.3639 332.1161 0017068  44.7621 315.4992 15.27743883 71337
HORS-3
1 61753U 24199U   25103.54537558  .00024791  00000-0  80842-3 0  9998
2 61753  97.3624 332.5995 0012069  42.1882 318.0286 15.31722101 71362
HORS-4
1 61754U 24199V   25103.57442195  .00027931  00000-0  89234-3 0  9997
2 61754  97.3620 332.7076 0012097  42.6144 317.6034 15.32354958 71377
HYPERVIEW-1G (RS66S)
1 61772U 24199AP  25103.54263223  .00032991  00000-0  10407-2 0  9994
2 61772  97.3622 332.5974 0015433  43.9249 316.3217 15.32681445 68213
MTUSI-1
1 61750U 24199R   25103.57600856  .00028306  00000-0  92677-3 0  9995
2 61750  97.3628 332.5640 0013458  44.2369 315.9946 15.31547417 71360
Vladivostok-1
1 61751U 24199S   25103.58017946  .00014772  00000-0  53665-3 0  9995
2 61751  97.3639 332.2632 0012978  43.5219 316.7042 15.28306678 71356
Nokhcho
1 61767U 24199AJ  25103.58629620  .00053788  00000-0  14023-2 0  9994
2 61767  97.3622 333.4739 0010623  28.1896 331.9922 15.38609829 68279
Ruzaevka-390
1 61766U 24199AH  25103.55589530  .00045317  00000-0  12653-2 0  9991
2 61766  97.3634 333.2297 0011456  29.8881 330.3015 15.36518204 68253
MORDOVIA-IOT
1 61765U 24199AG  25103.58467047  .00046959  00000-0  12728-2 0  9997
2 61765  97.3632 333.3470 0011305  29.8089 330.3798 15.37434732 68260
ARCTICSAT-1 (RS74S)
1 61762U 24199AD  25103.58336668  .00036992  00000-0  10994-2 0  9997
2 61762  97.3645 333.0499 0012209  31.1606 329.0359 15.34595130 71397
Horizon
1 61757U 24199Y   25103.53550332  .00038512  00000-0  11433-2 0  9991
2 61757  97.3647 332.9646 0012192  32.7770 327.4227 15.34621608 71380
Colibri-S
1 61746U 24199M   25103.57618793  .00021740  00000-0  72981-3 0  9990
2 61746  97.3656 332.6163 0013464  34.5689 325.6425 15.30794485 71369
SamSat-Ionosphere
1 61784U 24199BB  25103.56704959  .00028404  00000-0  94087-3 0  9996
2 61784  97.3628 332.4232 0016633  43.9431 316.3130 15.31124880 71351